;instruction memory
;depth = 256, width = 32
memory_initialization_radix=2;
memory_initialization_vector=
00000000000000000110010000010011,
00000000001100000110011110010011,
00000000111101000011000000100011,
00000000010100000110011110010011,
00000000111101000011000010100011,
00000000000100000110011110010011,
00000000111101000011000100100011,
00000000001000000110011110010011,
00000000111101000011000110100011,
00000000010000000110011110010011,
00000000111101000011001000100011,
00000000000000000110001010010011,
00000000000000000110001100010011,
00000000010000000110001110010011,
00000000011100101100001001100011,
00000010011000000000000001101111,
01000000010100111000111000110011,
00000001110000110100001001100011,
00000001101000000000000001101111,
00000000000000110011100100000011,
00000000000100110011100110000011,
00000001001010011100001001100011,
00000000111000000000000001101111,
00000000000010010000101000010011,
00000000000010011000100100010011,
00000000000010100000100110010011,
00000001001000110011000000100011,
00000001001100110011000010100011,
00000000001000000000000001101111,
00000000000100110000001100010011,
11111110010111111111000001101111,
00000000000100101000001010010011,
00000000000000000110001100010011,
11111101101111111111000001101111,
00000000000000000000000000010011,
11111111111111111111000001101111;