00000000000000000110001000010011,
00001010000100000110001110010011,
00000000000000000110011110010011,
00000000000000000110101110010011,
00000000000000000110111110010011,
00011110100100000110001100010011,
00010000000000000011000010000011,
00000000001100000110000100010011,
11111110001000001100111011100011,
00001010000100000110001000010011,
00000000000000000000000000010011,
00000000000000000000000000010011,
00000000000000000000000000010011,
00000000000000000110001000010011,
00000000111100000000001010110011,
00000001011100101000001010110011,
00000001111100101000001010110011,
00000000011000101000001001100011,
11111111100111111111000001101111,
00000000000000000110011110010011,
00000000000000000110101110010011,
00000000000000000110111110010011,
00000000000100000110000010010011,
01000000000100000011000000100011,
11111101110111111111000001101111,
00000000000000000000000000010011,
00000000000000000000000000010011,
00000000011100100000001001100011,
11111111101111111111000001101111,
00100000000000000011010000000011,
00000000010001000000010000010011,
00000000000001000011010010000011,
01000000000000000110010100010011,
00000010011001010001010100010011,
11111111111101010000010100010011,
00000000101001001111010010110011,
00000000100101000011000000100011,
00001010001000000110011110010011,
11111110011111111111000001101111,
00000000000000000000000000010011,
00000000000000000000000000010011,
00000000011100100000001001100011,
11111111101111111111000001101111,
00100000000000000011100000000011,
00000000011010000000100000010011,
00000000000010000011100010000011,
01000000000000000110100100010011,
00000010011010010001100100010011,
11111111111110010000100100010011,
00000001001010001111100010110011,
00000001000110000011000000100011,
00001010001100000110101110010011,
11111110011111111111000001101111,
00000000000000000000000000010011,
00000000000000000000000000010011,
00000000011100100000001001100011,
11111111101111111111000001101111,
00100000000000000011110000000011,
00000000011011000000110000010011,
01001000011000000110110010010011,
00000000110011001001110010010011,
01010110110011001110110010010011,
00000000110011001001110010010011,
01101100011011001110110010010011,
00000000100011001001110010010011,
00001111001011001110110010010011,
00000000010011001001110010010011,
00000001100111000011000000100011,
00000000000111000000110000010011,
01000001011000000110110010010011,
00000000110011001001110010010011,
01110110010111001110110010010011,
00000000110011001001110010010011,
01110010011011001110110010010011,
00000000110011001001110010010011,
01110110001111001110110010010011,
00000000110011001001110010010011,
01100001001011001110110010010011,
00000000010011001001110010010011,
00000000000111001110110010010011,
00000001100111000011000000100011,
00001010010000000110111110010011,
11111100011111111111000001101111;
