00010000000000000011000010000011,
00000000001100000110000100010011,
11111110001000001100111011100011,
00000000000100000110000010010011,
01000000000000000110000110010011,
00000000010000011001000110010011,
00000000000100011011000000100011,
11111111001111111111000001101111,
00000000000000000000000000010011,
00000000000000000000000000010011,
00000000000000000000000000010011,
00000000000000000000000000010011,
00000000000000000000000000010011,
00000000000000000000000000010011,
11111111010111111111000001101111,
00000000000000000000000000010011,
00000000000000000000000000010011,
00000000000000000000000000010011,
00000000000000000000000000010011,
00000000000000000000000000010011,
00000000000000000000000000010011,
11111111010111111111000001101111,
00000000000000000000000000010011,
00000000000000000000000000010011,
00000000000000000000000000010011,
00000000000000000000000000010011,
00000000000000000000000000010011,
00000000000000000000000000010011,
11111111010111111111000001101111;
