00000000000000000110010000010011,
00000000000100000110001100010011,
00000000001000000110001000010011,
00100000001100000110000110010011,
00010000000000000011000010000011,
00000000001100000110000100010011,
00000000000000000000000000010011,
00000000000000000000000000010011,
00000000000000000000000000010011,
11111110001000001100101111100011,
00100000000000000011000100000011,
00000000000000000000000000010011,
00000000000000000000000000010011,
00000000000000000000000000010011,
00000000001100010000000100010011,
00000000000000000000000000010011,
00000000000000000000000000010011,
00000000000000000000000000010011,
00000000000000010011000010000011,
00000000000000000000000000010011,
00000000000000000000000000010011,
00000000000000000000000000010011,
00001111111100001111000010010011,
00000000000000000000000000010011,
00000000000000000000000000010011,
00000000000000000000000000010011,
00000000010000001100101001100011,
00000000000100000110000100010011,
00000000000000000000000000010011,
00000000000000000000000000010011,
00000000000000000000000000010011,
01000000001000000011000000100011,
00000000000000000000000000010011,
00000000000000000000000000010011,
00000000000000000000000000010011,
11111100001111111111000001101111,
00000000001000010000000100010011,
00000000000000000000000000010011,
00000000000000000000000000010011,
00000000000000000000000000010011,
00000000000000010011000010000011,
00000000000000000000000000010011,
00000000000000000000000000010011,
00000000000000000000000000010011,
00000000000000001000010010110011,
00000000000000000000000000010011,
00000000000000000000000000010011,
00000000000000000000000000010011,
01000011000000001101000010010011,
00000000000000000000000000010011,
00000000000000000000000000010011,
00000000000000000000000000010011,
00000000000000110000010000010011,
00000000000000000000000000010011,
00000000000000000000000000010011,
00000000000000000000000000010011,
00000001000001000001010000010011,
00000000000000000000000000010011,
00000000000000000000000000010011,
00000000000000000000000000010011,
11111111111101000000010000010011,
00000000000000000000000000010011,
00000000000000000000000000010011,
00000000000000000000000000010011,
00000000100000001111000010110011,
00000000000000000000000000010011,
00000000000000000000000000010011,
00000000000000000000000000010011,
01000000001100001000000010110011,
00000000000000000000000000010011,
00000000000000000000000000010011,
00000000000000000000000000010011,
00000000011000001100010101100011,
00000000000000000000000000010011,
00000000000000000000000000010011,
00000000000000000000000000010011,
11111001111111111111000001101111,
10000000000000000110001010010011,
00000000000000000000000000010011,
00000000000000000000000000010011,
00000000000000000000000000010011,
00000010110100101001001010010011,
00000000000000000000000000010011,
00000000000000000000000000010011,
00000000000000000000000000010011,
00000000010101001000010010110011,
00000000000000000000000000010011,
00000000000000000000000000010011,
00000000000000000000000000010011,
00000000100100010011000000100011,
00000000000000000000000000010011,
00000000000000000000000000010011,
00000000000000000000000000010011,
11110111110111111111000001101111;
