00000000010000000110010100010011,
00000000000000000110001110010011,
00000000000000000110010000010011,
00000000000100000110001100010011,
00000000010000000110000110010011,
11100110010100000110001000010011,
00010000000000000011000010000011,
00000000001100000110000100010011,
00000000000000000000000000010011,
00000000000000000000000000010011,
00000000000000000000000000010011,
11111110001000001100101111100011,
00000000000101000000010000010011,
00000000000000000000000000010011,
00000000000000000000000000010011,
00000000000000000000000000010011,
00000100101001000100011101100011,
00001111111100000110010100010011,
00100000000000000011000100000011,
00000000000000000000000000010011,
00000000000000000000000000010011,
00000000000000000000000000010011,
00000000101000010000000100010011,
00000000000000000000000000010011,
00000000000000000000000000010011,
00000000000000000000000000010011,
00000010011000011100000001100011,
00000000000000010011000010000011,
00000000000000000000000000010011,
00000000000000000000000000010011,
00000000000000000000000000010011,
01000000010000001000000010110011,
00000000000000000000000000010011,
00000000000000000000000000010011,
00000000000000000000000000010011,
00000000011000001100010101100011,
00000000000000000000000000010011,
00000000000100010000000100010011,
01000000011000011000000110110011,
11111110000111111111000001101111,
00000000000100111000001110010011,
11111111011111111111000001101111,
00000000011100010011000000100011,
00000000000000000000000000010011,
00000000000000000000000000010011,
00000000000000000000000000010011,
00000000000100000110000100010011,
00000000000000000000000000010011,
00000000000000000000000000010011,
00000000000000000000000000010011,
01000000001000000011000000100011,
00000000000000000000000000010011,
00000000000000000000000000010011,
00000000000000000000000000010011,
11111010000111111111000001101111,
00000000000100000110000100010011,
00000000000000000000000000010011,
00000000000000000000000000010011,
00000000000000000000000000010011,
01000000001000000011000000100011,
00000000000000000000000000010011,
00000000000000000000000000010011,
00000000000000000000000000010011,
11111000111111111111000001101111;
