00010000000000000011000010000011,
00000000011100000110000100010011,
00000000000000000000000000010011,
00000000000000000000000000010011,
00000000000000000000000000010011,
11111110001000001100101111100011,
00000000000000000110001110010011,
00100000000000000011000100000011,
00000000000000000000000000010011,
00000000000000000000000000010011,
00000000000000000000000000010011,
00000000000000010000001010110011,
00000000001100010011000010000011,
00000001010000000110000110010011,
00000000000000000000000000010011,
00000000000000000000000000010011,
00000000000000000000000000010011,
01000000001100001000000010110011,
00000000000100000110001100010011,
00000000000000000000000000010011,
00000000000000000000000000010011,
00000000000000000000000000010011,
00000110000000001100001101100011,
00000000000000000000000000010011,
00000000000000000000000000010011,
00000000000000000000000000010011,
01000000010100001101000110010011,
00010110100100000110001000010011,
00000000011000010000000100010011,
00000000000000000000000000010011,
00000000000000000000000000010011,
00000000000000000000000000010011,
00000010011000011100010101100011,
00000000000000010011000010000011,
00000000000000000000000000010011,
00000000000000000000000000010011,
00000000000000000000000000010011,
01000000010000001000000010110011,
00000000000000000000000000010011,
00000000000000000000000000010011,
00000000000000000000000000010011,
00000000011000001100011101100011,
00000000000000000000000000010011,
00000000000000000000000000010011,
00000000000000000000000000010011,
00000000010000010000000100010011,
01000000011000011000000110110011,
11111101110111111111000001101111,
00000000000000000000000000010011,
00000000000000000000000000010011,
00000000000000000000000000010011,
00000000000100111000001110010011,
11111110110111111111000001101111,
00000000000000000000000000010011,
00000000000000000000000000010011,
00000000000000000000000000010011,
00000000001100101011000010000011,
00000000000000000000000000010011,
00000000000000000000000000010011,
00000000000000000000000000010011,
01000000001100001101000010010011,
00000000000000000000000000010011,
00000000000000000000000000010011,
00000000000000000000000000010011,
01000000011000001000000010110011,
00000000000000000000000000010011,
00000000000000000000000000010011,
00000000000000000000000000010011,
00000000000100101000001010110011,
00000000000000000000000000010011,
00000000000000000000000000010011,
00000000000000000000000000010011,
00000000011100101011000000100011,
00000000000000000000000000010011,
00000000000000000000000000010011,
00000000000000000000000000010011,
00000000000100000110000100010011,
00000000000000000000000000010011,
00000000000000000000000000010011,
00000000000000000000000000010011,
01000000001000000011000000100011,
00000000000000000000000000010011,
00000000000000000000000000010011,
00000000000000000000000000010011,
11110101100111111111000001101111;
