00000000000000000110010000010011,
00000000000100000110001100010011,
00000000001000000110001000010011,
00000000001000000110000110010011,
00010000000000000011000010000011,
00000000001100000110000100010011,
00000000000000000000000000010011,
00000000000000000000000000010011,
00000000000000000000000000010011,
11111110001000001100101111100011,
00100000000000000011000100000011,
00000000000000000000000000010011,
00000000000000000000000000010011,
00000000000000000000000000010011,
00000000001100010000000100010011,
00000000000000000000000000010011,
00000000000000000000000000010011,
00000000000000000000000000010011,
00000000000000010011000010000011,
00000000000000000000000000010011,
00000000000000000000000000010011,
00000000000000000000000000010011,
00001111111100001111000010010011,
00000000000000000000000000010011,
00000000000000000000000000010011,
00000000000000000000000000010011,
00000000010000001100101001100011,
00000000000100000110000100010011,
00000000000000000000000000010011,
00000000000000000000000000010011,
00000000000000000000000000010011,
01000000001000000011000000100011,
00000000000000000000000000010011,
00000000000000000000000000010011,
00000000000000000000000000010011,
11111100001111111111000001101111,
00000000000101000000010000010011,
00000000000000000000000000010011,
00000000000000000000000000010011,
00000000000000000000000000010011,
00000000001101000100010101100011,
00000000000000000000000000010011,
00000000000000000000000000010011,
00000000000000000000000000010011,
11111101111111111111000001101111,
00000000001000010000000100010011,
00000000000000000000000000010011,
00000000000000000000000000010011,
00000000000000000000000000010011,
00000000000000010011000010000011,
10000000000000000110001010010011,
00000000000000000000000000010011,
00000000000000000000000000010011,
00000000000000000000000000010011,
00000010110100101001001010010011,
00000000000000000000000000010011,
00000000000000000000000000010011,
00000000000000000000000000010011,
00000000010100001000000010110011,
00000000000000000000000000010011,
00000000000000000000000000010011,
00000000000000000000000000010011,
00000000000100010011000000100011,
00000000000000000000000000010011,
00000000000000000000000000010011,
00000000000000000000000000010011,
11111011001111111111000001101111;
