00010000000000000011000010000011,
00000000011100000110000100010011,
11111110001000001100111011100011,
00000000000000000110001110010011,
00100000000000000011000100000011,
00000000000000010000001010110011,
00000000001100010011000010000011,
00000001010000000110000110010011,
01000000001100001000000010110011,
00000000000100000110001100010011,
00000010000000001100000101100011,
01000000010100001101000110010011,
00010110100100000110001000010011,
00000000011000010000000100010011,
00000000011000011100100101100011,
00000000000000010011000010000011,
01000000010000001000000010110011,
00000000011000001100010001100011,
00000000010000010000000100010011,
01000000011000011000000110110011,
11111111010111111111000001101111,
00000000000100111000001110010011,
11111111100111111111000001101111,
00000000001100101011000010000011,
01000000001100001101000010010011,
01000000011000001000000010110011,
00000000000100101000001010110011,
00000000011100101011000000100011,
00000000000100000110000100010011,
01000000001000000011000000100011,
11111100010111111111000001101111,
00010000000000000011010010000011,
00000000011100000110010100010011,
11111110101001001100111011100011,
00000000000000000110010000010011,
00100000000000000011010100000011,
00000000001101010011010010000011,
00000000000001001000011110010011,
00000001010000000110010110010011,
01000000101101001000010010110011,
00000010000001001100000101100011,
01000000010101001101010110010011,
00000000000100000110010010010011,
00000000000001010000011100010011,
00000000011101010000010100010011,
11010111010100000110011000010011,
00000000100101011100100101100011,
00000000000001010011011010000011,
01000000110001101000011010110011,
00000000100101101100010001100011,
00000000010001010000010100010011,
01000000100101011000010110110011,
11111111010111111111000001101111,
00000000000101000000010000010011,
11111111100111111111000001101111,
01000000001101111101011110010011,
00000000111101110000011100110011,
00000000100001110011000000100011,
00000000000100000110010100010011,
01000000101000000011000000100011,
11111100011111111111000001101111,
00010000000000000011100010000011,
00000000011100000110100100010011,
11111111001010001100111011100011,
00000000000000000110100000010011,
00100000000000000011100100000011,
00000000000010010000101100110011,
00000000001110010011100010000011,
00000000000010001000101110110011,
00000001010000000110100110010011,
01000001001110001000100010110011,
00000010000010001100000101100011,
01000000010110001101100110010011,
00000000000100000110100010010011,
00000000100010010000100100010011,
10100110111100000110101000010011,
00000001000110011100100101100011,
00000000000010010011101010000011,
01000001010010101000101010110011,
00000001000110101100010001100011,
00000000010010010000100100010011,
01000001000110011000100110110011,
11111111010111111111000001101111,
00000000000110000000100000010011,
11111111100111111111000001101111,
01000000001110111101101110010011,
00000000000110111000101110010011,
00000001011110110000101100110011,
00000001000010110011000000100011,
00000000000100000110100100010011,
01000001001000000011000000100011,
11111100010111111111000001101111,
00010000000000000011110010000011,
00000000011100000110110100010011,
11111111101011001100111011100011,
00000000000000000110110000010011,
00100000000000000011110100000011,
00000000000011010000111100110011,
00000000001111010011110010000011,
00000000000011001000111110110011,
00000001010000000110110110010011,
01000001101111001000110010110011,
00000010000011001100000101100011,
01000000010111001101110110010011,
00000000000100000110110010010011,
00000000100111010000110100010011,
00010110100100000110111000010011,
00000001100111011100100101100011,
00000000000011010011111010000011,
01000001110011101000111010110011,
00000001100111101100010001100011,
00000000010011010000110100010011,
01000001100111011000110110110011,
11111111010111111111000001101111,
00000000000111000000110000010011,
11111111100111111111000001101111,
01000000001111111101111110010011,
00000000001011111000111110010011,
00000001111111110000111100110011,
00000001100011110011000000100011,
00000000000100000110110100010011,
01000001101000000011000000100011,
11111100010111111111000001101111;
