00010000000000000011000010000011
00000000011100000110000100010011
11111110001000001100111011100011
00100000000000000011000100000011
00000000001100010011000010000011
00000001010000000110000110010011
01000000001100001000000010110011
00000000010100001101000110010011
00000000000100000110000010010011
00000000011000000110001000010011
00000000000100011100100101100011
00000000010000010000000100110011
00000000000000010011000010000011
00000000000100001000000010110011
00000000000100010011000000100011
00000000010000010000000100010011
00000000000100000110000010010011
01000000000100011000000110110011
11111111000111111111000001101111
00000000000100000110000100010011
01000000001000000011000000100011
00010000000000000011010010000011
00000000011100000110010100010011
11111110101001001100111011100011
00100000000000000011010100000011
00000000001101010011010010000011
00000001010000000110010110010011
01000000101101001000010010110011
00000000010101001101010110010011
00000000000100000110010010010011
00000000011100000110011000010011
00000000100101011100100101100011
00000000110001010000010100110011
00000000000001010011010010000011
00000000100101001000010010110011
00000000100101010011000000100011
00000000010001010000010100010011
00000000000100000110010010010011
01000000100101011000010110110011
11111111000111111111000001101111
00000000000100000110010100010011
10000000101000000011000000100011
00010000000000000011100010000011
00000000011100000110100100010011
11111111001010001100111011100011
00100000000000000011100100000011
00000000001110010011100010000011
00000001010000000110100110010011
01000001001110001000100010110011
00000000010110001101100110010011
00000000000100000110100010010011
00000000100000000110101000010011
00000001000110011100100101100011
00000001010010010000100100110011
00000000000010010011100010000011
00000001000110001000100010110011
00000001000110010011000000100011
00000000010010010000100100010011
00000000000100000110100010010011
01000001000110011000100110110011
11111111000111111111000001101111
00000000000100000110100100010011
00000001001000000011000000100011
00010000000000000011110010000011
00000000011100000110110100010011
11111111101011001100111011100011
00100000000000000011110100000011
00000000001111010011110010000011
00000001010000000110110110010011
01000001101111001000110010110011
00000000010111001101110110010011
00000000000100000110110010010011
00000000100100000110111000010011
00000001100111011100100101100011
00000001110011010000110100110011
00000000000011010011110010000011
00000001100111001000110010110011
00000001100111010011000000100011
00000000010011010000110100010011
00000000000100000110110010010011
01000001100111011000110110110011
11111111000111111111000001101111
00000000000100000110110100010011
00000001101000000011000000100011
